1,2,19
1,3,51
1,5,70
2,1,19
2,4,34
3,1,51
3,4,17
3,6,53
4,2,34
4,3,17
4,5,136
5,1,70
5,4,136
5,6,145
5,7,53
6,3,53
6,5,145
6,7,131
6,8,58
7,5,53
7,6,131
7,9,70
7,10,48
8,6,58
8,9,38
9,7,70
9,8,38
9,11,33
10,7,48
10,11,83
11,9,33
11,10,83