1,2,19
2,1,19
1,3,51
3,1,51
1,5,70
5,1,70
2,4,34
4,2,34
3,4,17
4,3,17
4,5,136
5,4,136
3,6,53
6,3,53
5,6,145
6,5,145
6,7,131
7,6,131
6,8,58
8,6,58
5,7,53
7,5,53
8,9,38
9,8,38
7,9,70
9,7,70
7,10,48
10,7,48
10,11,83
11,10,83
9,11,33
11,9,33
